Sonde serial number                          	S2251087
Balloon release date and time                	2021-04-01T12:00:01
Sonde type                                   	RS41-SGP

   n AscRate HeightMSL      P Temp   RH Dewp Dir Speed  VirT       Lat        Lon  MixR CompRng CompAz
         m/s         m    hPa   °C    %   °C   °   m/s     K         °          °  g/kg       m      °
   1     0.0        57 1002.1 24.7 72.2 19.4 180   0.6 300.4 23.188101 120.373802 14.18       0      0
   2     3.7        62 1001.5 25.3 79.9 21.6 254   0.2 301.4 23.186946 120.375329 16.34      21    168
   3     5.4        67 1000.9 25.5 82.6 22.3 313   0.4 301.7 23.186253 120.376230 17.07      35    225
   4     5.9        73 1000.3 25.6 82.4 22.3 320   0.5 301.8 23.186006 120.376535 17.12      41    227
   5     5.3        78  999.7 25.6 81.7 22.3 321   0.6 301.9 23.185967 120.376583 17.09      42    227
   6     5.3        84  999.1 25.7 80.9 22.2 321   0.6 301.9 23.185993 120.376553 16.96      41    226
   7     4.5        88  998.6 25.6 80.5 22.0 320   0.6 301.9 23.186012 120.376515 16.84      41    224
   8     5.3        94  998.1 25.6 80.2 22.0 320   0.6 301.8 23.186014 120.376484 16.79      43    223
   9     4.5        98  997.6 25.6 80.0 21.9 320   0.7 301.8 23.186020 120.376464 16.74      44    225
  10     3.2       101  997.0 25.6 79.9 21.9 321   0.7 301.8 23.186037 120.376458 16.72      43    228
  11     3.7       105  996.5 25.6 79.9 21.9 321   0.7 301.8 23.186056 120.376471 16.72      40    229
  12     4.9       110  996.0 25.6 80.0 21.9 321   0.8 301.8 23.186060 120.376494 16.71      38    227
  13     5.1       115  995.5 25.5 80.1 21.9 321   0.8 301.7 23.186046 120.376510 16.70      38    224
  14     5.3       120  994.9 25.5 80.2 21.8 321   0.8 301.7 23.186026 120.376516 16.69      39    221
  15     5.4       126  994.4 25.5 80.2 21.8 321   0.8 301.7 23.186014 120.376521 16.67      40    219
  16     4.9       131  993.8 25.5 80.1 21.8 321   0.9 301.7 23.186018 120.376529 16.67      39    218
  17     4.5       135  993.3 25.4 80.2 21.8 321   0.9 301.6 23.186024 120.376533 16.68      38    218
  18     4.7       140  992.7 25.4 80.4 21.8 321   0.9 301.6 23.186020 120.376536 16.69      39    218
  19     4.9       145  992.2 25.4 80.5 21.8 321   0.9 301.6 23.186000 120.376546 16.68      40    215
  20     5.3       150  991.6 25.3 80.6 21.8 321   0.9 301.5 23.185973 120.376567 16.68      41    210
  21     5.2       155  991.1 25.3 80.7 21.8 321   0.9 301.5 23.185951 120.376592 16.69      42    205
  22     4.6       160  990.5 25.3 80.8 21.8 321   1.0 301.5 23.185941 120.376611 16.70      42    202
  23     4.2       164  990.0 25.3 81.0 21.8 321   1.0 301.5 23.185939 120.376617 16.72      42    201
  24     5.2       169  989.5 25.2 81.2 21.8 320   1.0 301.4 23.185930 120.376608 16.76      44    202
  25     4.8       174  989.0 25.2 81.4 21.8 320   1.0 301.4 23.185913 120.376591 16.77      46    203
  26     3.8       178  988.4 25.2 81.4 21.8 320   1.0 301.4 23.185894 120.376579 16.73      48    203
  27     4.5       182  987.9 25.1 81.1 21.7 319   1.0 301.3 23.185885 120.376576 16.66      49    203
  28     4.9       187  987.4 25.1 81.0 21.6 318   1.0 301.3 23.185888 120.376582 16.62      49    203
  29     5.9       193  986.9 25.1 81.0 21.6 317   1.0 301.3 23.185897 120.376593 16.60      48    202
  30     4.0       197  986.4 25.1 81.0 21.6 316   1.0 301.2 23.185903 120.376604 16.57      47    201
  31     2.5       200  985.9 25.0 81.1 21.6 315   1.0 301.2 23.185904 120.376614 16.56      46    200
  32     4.7       204  985.4 25.0 81.3 21.6 314   1.0 301.2 23.185902 120.376620 16.58      46    199
  33     4.9       209  984.9 25.0 81.5 21.6 312   1.0 301.1 23.185898 120.376624 16.60      46    198
  34     4.6       214  984.4 24.9 81.5 21.6 311   1.0 301.1 23.185891 120.376629 16.60      47    197
  35     4.0       218  983.9 24.9 81.6 21.6 309   1.0 301.1 23.185878 120.376635 16.60      48    196
  36     5.0       223  983.4 24.9 81.6 21.5 307   1.0 301.1 23.185863 120.376643 16.59      50    195
  37     5.4       228  982.9 24.9 81.5 21.5 306   1.0 301.0 23.185844 120.376648 16.55      51    194
  38     4.9       233  982.4 24.8 81.5 21.5 304   1.0 301.0 23.185822 120.376649 16.52      54    193
  39     4.3       237  981.9 24.8 81.5 21.4 302   1.0 301.0 23.185804 120.376650 16.50      56    192
  40     3.5       241  981.3 24.8 81.5 21.4 300   1.0 300.9 23.185798 120.376658 16.47      56    191
  41     4.9       246  980.8 24.7 81.6 21.4 298   1.0 300.9 23.185804 120.376674 16.48      55    190
  42     5.3       251  980.3 24.7 81.8 21.4 296   1.0 300.9 23.185816 120.376693 16.49      54    188
  43     4.8       256  979.7 24.7 81.8 21.4 294   1.0 300.8 23.185829 120.376710 16.48      52    186
  44     5.6       262  979.2 24.6 81.8 21.3 292   1.0 300.8 23.185838 120.376725 16.44      51    185
  45     4.9       266  978.7 24.6 81.8 21.3 290   1.0 300.7 23.185839 120.376741 16.42      51    183
  46     4.8       271  978.1 24.6 81.8 21.3 288   1.0 300.7 23.185832 120.376758 16.40      51    181
  47     4.4       276  977.6 24.6 81.8 21.2 286   1.0 300.7 23.185819 120.376772 16.38      53    179
  48     4.0       280  977.1 24.5 81.8 21.2 284   1.0 300.6 23.185807 120.376782 16.36      54    178
  49     4.5       284  976.6 24.5 81.8 21.2 282   1.0 300.6 23.185801 120.376791 16.33      55    177
  50     4.7       289  976.1 24.4 81.8 21.1 280   1.0 300.6 23.185802 120.376801 16.30      55    176
  51     4.5       293  975.6 24.4 81.8 21.1 278   1.0 300.5 23.185807 120.376815 16.28      54    175
  52     4.3       298  975.1 24.4 81.9 21.1 276   1.0 300.5 23.185812 120.376829 16.27      54    173
  53     5.0       303  974.6 24.3 82.1 21.1 274   1.0 300.4 23.185816 120.376840 16.28      54    172
  54     4.6       307  974.1 24.3 82.4 21.1 273   1.0 300.4 23.185818 120.376845 16.31      54    171
  55     4.1       311  973.5 24.3 82.8 21.2 271   1.0 300.4 23.185816 120.376849 16.36      54    171
  56     4.2       316  973.0 24.2 83.2 21.2 269   1.0 300.3 23.185814 120.376855 16.42      54    170
  57     5.9       321  972.5 24.2 83.8 21.3 268   1.0 300.3 23.185813 120.376864 16.51      54    169
  58     5.3       327  972.0 24.1 84.4 21.4 266   1.0 300.3 23.185815 120.376877 16.60      54    168
  59     4.5       331  971.4 24.1 84.8 21.4 265   1.0 300.3 23.185819 120.376893 16.64      54    166
  60     4.8       336  970.9 24.1 84.9 21.4 263   1.0 300.2 23.185824 120.376909 16.64      54    164
  61     4.5       341  970.3 24.0 85.0 21.4 262   1.0 300.2 23.185828 120.376921 16.63      54    163
  62     5.0       346  969.8 24.0 85.1 21.4 261   1.0 300.2 23.185831 120.376927 16.63      54    162
  63     4.8       350  969.2 24.0 85.2 21.3 260   1.0 300.1 23.185834 120.376928 16.61      54    162
  64     5.2       356  968.7 23.9 85.3 21.3 259   1.0 300.1 23.185836 120.376926 16.59      53    162
  65     5.7       361  968.2 23.9 85.3 21.3 258   1.0 300.0 23.185837 120.376923 16.56      53    162
  66     4.8       366  967.6 23.8 85.3 21.2 257   1.0 300.0 23.185838 120.376923 16.54      53    162
  67     4.0       370  967.1 23.8 85.3 21.2 256   1.0 299.9 23.185839 120.376928 16.52      53    162
  68     4.5       375  966.6 23.8 85.4 21.2 255   1.1 299.9 23.185842 120.376940 16.50      53    160
  69     5.1       380  966.0 23.7 85.4 21.1 255   1.1 299.9 23.185846 120.376958 16.48      54    158
  70     4.9       385  965.5 23.7 85.4 21.1 254   1.1 299.8 23.185851 120.376976 16.45      54    156
  71     5.0       390  965.0 23.7 85.3 21.1 253   1.1 299.8 23.185855 120.376990 16.42      54    155
  72     4.9       394  964.5 23.6 85.3 21.0 253   1.1 299.7 23.185861 120.377002 16.39      54    153
  73     4.7       399  963.9 23.6 85.5 21.0 252   1.1 299.7 23.185866 120.377010 16.40      54    152
  74     4.3       403  963.4 23.5 85.9 21.1 251   1.1 299.7 23.185869 120.377017 16.43      54    151
  75     4.4       408  962.9 23.5 86.2 21.1 251   1.1 299.6 23.185871 120.377027 16.45      54    150
  76     5.5       413  962.4 23.4 86.4 21.1 250   1.1 299.6 23.185870 120.377039 16.46      55    149
  77     4.9       418  961.8 23.4 86.6 21.1 250   1.1 299.5 23.185866 120.377052 16.46      56    148
  78     5.2       424  961.3 23.4 86.8 21.0 249   1.1 299.5 23.185862 120.377064 16.45      57    148
  79     4.8       428  960.8 23.3 86.9 21.0 248   1.1 299.4 23.185861 120.377076 16.45      58    147
  80     3.8       432  960.3 23.3 87.0 21.0 248   1.1 299.4 23.185864 120.377087 16.44      58    145
  81     4.6       437  959.7 23.2 87.3 21.0 247   1.1 299.4 23.185871 120.377098 16.46      58    144
  82     4.7       441  959.2 23.2 87.6 21.0 246   1.1 299.3 23.185877 120.377108 16.49      58    143
  83     4.7       446  958.7 23.1 88.0 21.0 246   1.1 299.3 23.185882 120.377122 16.52      59    141
  84     5.4       452  958.1 23.1 88.3 21.1 245   1.1 299.2 23.185886 120.377140 16.54      59    140
  85     5.6       457  957.6 23.0 88.5 21.0 245   1.1 299.2 23.185891 120.377162 16.54      60    138
  86     5.0       462  957.1 23.0 88.6 21.0 245   1.0 299.1 23.185898 120.377183 16.53      61    136
  87     4.6       467  956.5 23.0 88.8 21.0 244   1.0 299.1 23.185909 120.377195 16.52      61    134
  88     5.5       472  956.0 22.9 89.0 21.0 244   1.0 299.0 23.185922 120.377197 16.52      61    133
  89     4.5       477  955.4 22.9 89.1 21.0 244   0.9 299.0 23.185938 120.377195 16.52      59    132
  90     4.2       481  954.9 22.8 89.1 21.0 244   0.9 299.0 23.185953 120.377193 16.50      58    131
  91     4.7       486  954.4 22.8 89.2 20.9 244   0.8 298.9 23.185965 120.377194 16.48      57    130
  92     5.3       491  953.8 22.8 89.3 20.9 244   0.8 298.9 23.185972 120.377196 16.48      57    129
  93     5.8       497  953.3 22.7 89.4 20.9 244   0.7 298.9 23.185973 120.377198 16.48      57    129
  94     5.4       502  952.7 22.7 89.4 20.9 245   0.7 298.8 23.185971 120.377201 16.45      57    129
  95     4.7       507  952.1 22.7 89.3 20.8 246   0.6 298.8 23.185968 120.377205 16.42      58    129
  96     4.8       512  951.6 22.6 89.4 20.8 247   0.5 298.7 23.185967 120.377209 16.40      58    129
  97     5.6       517  951.1 22.6 89.4 20.8 249   0.4 298.7 23.185969 120.377214 16.36      58    128
  98     5.3       523  950.5 22.6 89.3 20.7 251   0.4 298.7 23.185972 120.377219 16.32      59    128
  99     4.3       527  950.0 22.5 89.2 20.7 256   0.3 298.6 23.185974 120.377226 16.28      59    127
 100     4.8       532  949.6 22.5 89.1 20.6 263   0.2 298.6 23.185975 120.377235 16.25      60    127
 101     4.6       536  949.1 22.5 89.0 20.6 279   0.1 298.6 23.185974 120.377245 16.22      61    126
 102     3.0       539  948.6 22.5 88.7 20.5   0   0.0 298.5 23.185974 120.377256 16.16      62    125
 103     3.1       542  948.2 22.5 88.3 20.4   6   0.1 298.5 23.185974 120.377268 16.09      63    125
 104     4.3       547  947.8 22.5 88.1 20.4  29   0.2 298.5 23.185973 120.377280 16.06      64    124
 105     4.3       551  947.3 22.5 88.1 20.4  40   0.3 298.5 23.185968 120.377288 16.07      65    124
 106     3.7       555  946.9 22.5 88.4 20.4  45   0.3 298.5 23.185960 120.377291 16.11      65    125
 107     4.2       559  946.4 22.4 88.8 20.5  49   0.4 298.5 23.185953 120.377289 16.16      66    125
 108     4.4       563  946.0 22.4 89.0 20.5  52   0.5 298.5 23.185949 120.377284 16.19      65    126
 109     4.3       568  945.5 22.4 88.9 20.5  55   0.6 298.5 23.185949 120.377276 16.17      65    126
 110     4.3       572  945.0 22.4 88.6 20.4  57   0.6 298.4 23.185950 120.377267 16.12      64    127
 111     4.2       576  944.6 22.3 88.5 20.4  60   0.7 298.4 23.185947 120.377253 16.08      63    128
 112     5.2       581  944.1 22.3 88.6 20.3  62   0.7 298.3 23.185943 120.377236 16.06      62    129
 113     4.7       586  943.6 22.3 88.8 20.3  64   0.8 298.3 23.185940 120.377219 16.05      61    130
 114     4.0       590  943.1 22.2 88.9 20.3  66   0.8 298.3 23.185937 120.377200 16.04      60    132
 115     4.2       594  942.6 22.2 89.1 20.3  69   0.9 298.2 23.185934 120.377181 16.05      58    133
 116     4.8       599  942.1 22.1 89.4 20.3  71   0.9 298.2 23.185927 120.377164 16.06      58    135
 117     4.4       603  941.6 22.1 89.6 20.3  74   0.9 298.1 23.185915 120.377148 16.08      57    137
 118     4.3       608  941.2 22.1 89.9 20.3  77   0.9 298.1 23.185901 120.377135 16.11      58    139
 119     5.6       613  940.7 22.0 90.3 20.4  81   0.9 298.1 23.185885 120.377123 16.15      58    141
 120     5.4       619  940.2 22.0 90.4 20.4  85   0.9 298.1 23.185872 120.377108 16.17      59    143
 121     3.5       622  939.7 22.0 90.1 20.3  89   0.9 298.1 23.185861 120.377091 16.11      59    145
 122     3.2       625  939.3 22.0 89.6 20.2  93   0.9 298.0 23.185852 120.377078 16.04      59    147
 123     3.7       629  938.8 22.0 89.4 20.2  98   0.9 298.0 23.185846 120.377069 16.01      59    148
 124     4.2       633  938.3 22.0 89.5 20.2 104   0.9 298.0 23.185842 120.377060 16.03      59    149
 125     4.9       638  937.9 22.0 89.9 20.2 110   0.9 298.0 23.185840 120.377050 16.08      58    150
 126     4.8       643  937.4 21.9 90.3 20.3 116   0.9 298.0 23.185840 120.377035 16.14      58    151
 127     4.2       647  936.9 21.9 90.7 20.3 122   0.9 298.0 23.185844 120.377017 16.18      56    153
 128     4.6       652  936.4 21.9 90.9 20.3 128   0.9 297.9 23.185853 120.377002 16.18      55    154
 129     5.5       657  936.0 21.8 90.9 20.3 134   1.0 297.9 23.185867 120.376991 16.16      53    154
 130     4.4       662  935.5 21.8 90.7 20.2 140   1.0 297.8 23.185884 120.376987 16.10      51    154
 131     3.7       665  935.0 21.8 90.6 20.2 146   1.0 297.8 23.185904 120.376986 16.05      49    153
 132     4.0       669  934.6 21.7 90.6 20.1 151   1.1 297.8 23.185924 120.376986 16.04      47    151
 133     4.6       674  934.1 21.7 90.8 20.2 155   1.1 297.8 23.185943 120.376985 16.06      45    150
 134     4.4       678  933.7 21.7 90.9 20.1 159   1.2 297.7 23.185960 120.376981 16.05      43    149
 135     4.0       682  933.2 21.7 90.8 20.1 163   1.3 297.7 23.185975 120.376977 16.02      42    149
 136     3.6       686  932.8 21.6 90.9 20.1 166   1.3 297.7 23.185989 120.376973 16.02      40    148
 137     4.2       690  932.4 21.6 91.1 20.1 169   1.4 297.6 23.186003 120.376970 16.03      39    147
 138     3.2       693  932.0 21.6 90.9 20.1 172   1.4 297.6 23.186015 120.376972 16.00      38    146
 139     3.0       696  931.6 21.6 90.5 20.0 174   1.5 297.6 23.186025 120.376978 15.93      37    144
 140     3.6       700  931.2 21.6 90.0 19.9 176   1.5 297.6 23.186047 120.376982 15.84      35    141
 141     4.0       704  930.8 21.6 89.4 19.8 178   1.6 297.6 23.186071 120.376990 15.74      34    137
 142     3.9       708  930.4 21.6 88.8 19.7 179   1.6 297.6 23.186094 120.377003 15.66      33    133
 143     3.9       712  930.0 21.6 88.4 19.6 181   1.7 297.6 23.186118 120.377017 15.60      32    127
9998     4.1       716  929.6 21.6 88.0 19.6 182   1.7 297.6 23.186142 120.377031 15.55      32    122

